<?xml version="1.0"?>
<opencv_storage>
<R type_id="opencv-matrix">
  <rows>3</rows>
  <cols>3</cols>
  <dt>d</dt>
  <data>
    9.9909318070240760e-001 3.5020847379939768e-002
    -2.4214799663375593e-002 -3.4760970744630318e-002
    9.9933433045958386e-001 1.1071173279572044e-002
    2.4586402478553149e-002 -1.0219403783309490e-002
    9.9964547345520272e-001</data></R>
<T type_id="opencv-matrix">
  <rows>3</rows>
  <cols>1</cols>
  <dt>d</dt>
  <data>
    -6.0209269661173187e+002 1.5326928276045152e+001
    -2.2150904288412747e+001</data></T>
</opencv_storage>
