<?xml version="1.0"?>
<opencv_storage>
<M1 type_id="opencv-matrix">
  <rows>3</rows>
  <cols>3</cols>
  <dt>d</dt>
  <data>
    1.1316289419152909e+003 0. 6.7002980347009304e+002 0.
    1.1316289419152909e+003 3.9950109175499784e+002 0. 0. 1.</data></M1>
<D1 type_id="opencv-matrix">
  <rows>1</rows>
  <cols>5</cols>
  <dt>d</dt>
  <data>
    1.4986336340613862e-001 -1.1555661146153864e+000
    3.3866741697495639e-003 1.1952943179603111e-002
    1.7747259071867683e+000</data></D1>
<M2 type_id="opencv-matrix">
  <rows>3</rows>
  <cols>3</cols>
  <dt>d</dt>
  <data>
    1.1316289419152909e+003 0. 6.7645167888745175e+002 0.
    1.1316289419152909e+003 3.9314009439860592e+002 0. 0. 1.</data></M2>
<D2 type_id="opencv-matrix">
  <rows>1</rows>
  <cols>5</cols>
  <dt>d</dt>
  <data>
    1.3553831241923531e-001 -8.6303773993984356e-001
    7.1136544177058808e-003 9.2765351119315394e-003
    1.3940332911325242e+000</data></D2>
</opencv_storage>
