<?xml version="1.0"?>
<opencv_storage>
<R type_id="opencv-matrix">
  <rows>3</rows>
  <cols>3</cols>
  <dt>d</dt>
  <data>
    9.9909318070240760e-001 3.5020847379939768e-002
    -2.4214799663375593e-002 -3.4760970744630318e-002
    9.9933433045958386e-001 1.1071173279572044e-002
    2.4586402478553149e-002 -1.0219403783309490e-002
    9.9964547345520272e-001</data></R>
<T type_id="opencv-matrix">
  <rows>3</rows>
  <cols>1</cols>
  <dt>d</dt>
  <data>
    -6.0209269661173187e+002 1.5326928276045152e+001
    -2.2150904288412747e+001</data></T>
<R1 type_id="opencv-matrix">
  <rows>3</rows>
  <cols>3</cols>
  <dt>d</dt>
  <data>
    9.9988245414945298e-001 9.1965294752025303e-003
    1.2267914642630471e-002 -9.2637135176302024e-003
    9.9994234300203466e-001 5.4308639703710120e-003
    -1.2217262210921568e-002 -5.5438720415545229e-003
    9.9990999794324309e-001</data></R1>
<R2 type_id="opencv-matrix">
  <rows>3</rows>
  <cols>3</cols>
  <dt>d</dt>
  <data>
    9.9900074660452376e-001 -2.5430656902316658e-002
    3.6753094742089557e-002 2.5632007896526286e-002
    9.9965885355277262e-001 -5.0176373672242616e-003
    -3.6612954740047575e-002 5.9546790906987689e-003
    9.9931177984757591e-001</data></R2>
<P1 type_id="opencv-matrix">
  <rows>3</rows>
  <cols>4</cols>
  <dt>d</dt>
  <data>
    1.1316289419152909e+003 0. 6.4512952423095703e+002 0. 0.
    1.1316289419152909e+003 3.9881204986572266e+002 0. 0. 0. 1. 0.</data></P1>
<P2 type_id="opencv-matrix">
  <rows>3</rows>
  <cols>4</cols>
  <dt>d</dt>
  <data>
    1.1316289419152909e+003 0. 6.4512952423095703e+002
    -6.8202703903622192e+005 0. 1.1316289419152909e+003
    3.9881204986572266e+002 0. 0. 0. 1. 0.</data></P2>
<Q type_id="opencv-matrix">
  <rows>4</rows>
  <cols>4</cols>
  <dt>d</dt>
  <data>
    1. 0. 0. -6.4512952423095703e+002 0. 1. 0. -3.9881204986572266e+002
    0. 0. 0. 1.1316289419152909e+003 0. 0. 1.6592141911476194e-003 0.</data></Q>
</opencv_storage>
